001
002
003
004
005
006
007
008
009
01
010
011
012
013
014
015
016
017
018
019
02
020
021
022
023
024
025
026
027
028
029
030
031
032
033
034
035
036
04
040
041
044
045
046
047
048
049
05
050
051
052
053
055
056
057
06
060
061
062
064
065
069
07
070
072
075
079
08
080
081
082
084
085
086
087
09
090
10
101
102
103
104
105
106
107
108
109
11
110
111
112
113
114
115
116
117
118
119
12
120
121
122
123
124
125
126
127
128
13
130
131
132
133
134
135
138
139
14
140
141
142
143
144
145
146
147
148
149
15
151
152
153
154
155
156
157
159
16
161
162
163
165
166
168
169
17
170
171
172
173
174
176
18
181
182
183
184
185
187
188
189
19
20
201
202
203
204
205
206
207
208
209
21
210
211
212
213
214
215
216
217
218
219
22
220
221
222
223
224
227
228
229
23
230
231
232
235
236
237
238
239
24
240
241
244
247
248
249
25
252
254
255
257
258
259
26
27
270
271
272
28
281
282
283
29
30
301
302
303
304
305
306
307
308
309
31
310
311
312
313
314
315
316
317
319
32
321
322
323
324
325
326
327
328
329
33
330
331
332
333
334
335
336
337
338
339
34
340
341
342
343
345
346
347
348
349
35
350
351
359
36
37
371
372
373
374
375
376
38
381
382
383
384
39
40
41
42
43
44
45
46
47
48
49
50
51
52
53
54
55
56
57
58
59
60
61
62
63
64
65
66
67
68
69
70
71
74
75
76
77
78
79
80
81
82
83
84
85
86
87
88
89
90
91
92
93
95
96
97
99