+49 173 72 828 82
+49 221 993835-64, +49 89 5999075- 13 , +49 89 5999075 - 22, +49 231 438-07
+49 (2331) 904392 
+49 162 5264901
+49(2371)937-618
+49 (2331) 904162 , +49 (2331) 904174
+49 203 604 2088
+492036044902088
+49-211-447-299-22 , +49-211-447-299-29
+49 (0) 6196 908 1009 , +49 (0) 6196 908 1014 
+49 (0) 176 1885 2189
+49 (231) 547 2284 , +49 (231) 547 3202
+49(0) 208-8836872-0 , +49(0) 208-8836872-2
+49(0) 151-40513399
+49 7121 1277 - 136 , +49 7121 1277 - 490
+49 170 9282628
+49 201 76026 295 , +49 201 76026 299
+49 151 74646936
+49 176 1885 1703
+49  211 4378 586
+49 176 1885 1703
-----------------------------------------------------

0800 / 9100 300
0800 / 88 88 710
0180 / 58 57 11 00
0180 / 58 57 11 09
0208/45002-211
0208/45002-399

0 71 32/34 14-60
(0 70 42) 28 85 85
-----------------------------------------------------

0208-43764-22
0208-412345

02383 95-40
02383 95-4130
02335 84 75 - 0 , 02335 84 75 - 111
-----------------------------------------------------
0800 33 01000
0721 170 555
0215 48 97 00 79
040 42835 3571
0176 4285 5550
015140513399
